1 36 16149854 1.798000 9.369000
1 648 291416156 1.796000 0.668900
1 676 303670866 1.745000 0.613500
1 715 321415903 1.775000 0.023780
1 724 325267208 1.699000 10.820000
1 791 355454200 1.828000 0.121700
1 848 381273994 1.797000 4.119000
1 913 410553591 1.793000 0.142100
1 969 435796448 1.747000 1.023000
1 1073 482487106 1.795000 0.251000
1 1249 561732031 1.790000 4.628000
1 1262 567434859 1.772000 14.320000
1 1339 601857967 1.789000 0.846100
1 1414 635669880 1.752000 0.668500
1 1558 700697166 1.795000 0.652600
1 1567 704478388 1.761000 7.152000
1 1751 787284296 1.756000 2.228000
1 2033 914105783 1.758000 1.230000
1 2205 991751912 1.786000 1.432000
1 2487 1118178483 1.811000 2.601000
1 2500 1124091068 1.766000 1.719000
1 2562 1152323530 1.706000 0.277400
1 2874 1292566722 1.691000 0.249400
1 2977 1338617645 1.782000 1.111000
1 3111 1399151137 1.809000 4.439000
1 3231 1453215716 1.752000 0.380300
1 3310 1488411270 1.758000 0.337200
1 3335 1499779935 1.726000 1.288000
1 3442 1547900816 1.773000 2.964000
1 3576 1608418257 1.772000 2.240000
1 3632 1633552941 1.769000 14.480000
1 3667 1649226430 1.780000 18.980000
1 3835 1724903841 1.784000 0.529700
1 3856 1734241407 1.759000 1.893000
1 3967 1783970758 1.806000 1.779000
1 4015 1805697619 1.827000 1.664000
1 4107 1846965884 1.815000 17.580000
1 4191 1884658661 1.760000 0.730300
1 4437 1995450341 1.747000 0.278500
1 4527 2035914492 1.878000 34.190000
1 4576 2057861841 1.780000 1.922000
1 4655 2093433882 1.777000 0.030610
1 4890 2199433918 1.781000 0.233700
1 4966 2233267562 1.674000 4.940000
1 5092 2290168312 1.759000 0.033410
1 5277 2373079523 1.755000 0.792300
1 5438 2445687029 1.757000 4.479000
1 5532 2487799877 1.778000 0.433800
1 5824 2619290865 1.822000 2.572000
1 5981 2690021846 1.782000 3.138000
1 6098 2742438917 1.805000 2.448000
1 6102 2744424257 1.836000 3.009000
1 6378 2868333875 1.760000 86.530000
1 6486 2917255940 1.804000 4.008000
1 6489 2918374680 1.791000 1.422000
1 6635 2984073790 1.728000 6.418000
1 6718 3021443250 1.779000 15.390000
1 6814 3064577898 1.759000 0.416500
1 7003 3149463692 1.721000 0.363100
1 7065 3177516229 1.636000 0.403000
1 7187 3232605060 1.821000 1.891000
1 7188 3232638995 1.774000 4.431000
1 7197 3236893375 1.801000 6.039000
1 7437 3344798844 1.798000 4.392000
1 7958 3579242018 1.776000 3.590000
1 8041 3616316159 1.789000 3.941000
1 8128 3655473719 1.758000 0.952600
1 8144 3662897919 1.791000 0.750500
1 8265 3717068926 1.804000 6.493000
1 8403 3779422345 1.754000 2.663000
1 8429 3790829689 1.777000 0.071330
1 8456 3803284543 1.806000 1.173000
1 8626 3879724278 1.809000 2.644000
1 8749 3935112018 1.803000 1.815000
1 8918 4010757237 1.842000 5.489000
1 9252 4161285861 1.797000 2.269000
1 9299 4182190975 1.755000 3.177000
1 9749 90438403 1.767000 0.462400
1 10113 253917697 1.761000 10.850000
1 10354 362453064 1.812000 1.782000
1 10477 417411043 1.816000 0.682000
1 10638 489931542 1.796000 0.375100
1 10679 508639941 1.769000 0.751200
1 10688 512441545 1.792000 2.556000
1 10890 603382363 1.620000 0.970500
1 11409 836911804 1.761000 2.706000
1 11534 892920363 1.799000 0.991800
1 11651 945639384 1.786000 3.434000
1 11699 967212428 1.819000 0.360600
1 12159 1174333348 1.780000 0.252500
1 12305 1240064167 1.787000 8.673000
1 12539 1344993783 1.767000 0.641200
1 12851 1485266200 1.816000 0.796400
1 12867 1492566583 1.778000 6.640000
1 13037 1568878939 1.765000 1.759000
1 13085 1590842589 1.785000 0.239100
1 13112 1602669546 1.785000 0.690400
1 13850 1934609046 1.810000 0.577500
1 14381 2173442818 1.745000 2.076000
1 14606 2274677950 1.793000 4.873000
1 14727 2329463496 1.776000 1.308000
1 14799 2361754855 1.820000 1.232000
1 14822 2371903673 1.814000 0.160200
1 14969 2438093047 1.763000 1.891000
1 15115 2503755185 1.784000 1.526000
1 15341 2605631183 1.766000 0.497700
1 15407 2634964899 1.781000 0.887800
1 15488 2671320974 1.810000 0.849600
1 15499 2676357477 1.737000 6.624000
1 15508 2680572264 1.756000 1.248000
1 15734 2782345417 1.733000 4.364000
1 15818 2820008722 1.765000 2.998000
1 16035 2917324887 1.745000 0.037370
1 16159 2973332863 1.785000 0.531400
1 16606 3174455937 1.741000 14.050000
1 16631 3185642118 1.722000 1.613000
1 16755 3241500637 1.778000 0.361200
1 16861 3288939666 1.794000 0.747800
1 16903 3308193688 1.774000 0.813800
1 16985 3344890351 1.738000 10.490000
1 17269 3472612034 1.750000 3.044000
1 17345 3506612357 1.769000 0.719400
1 17389 3526417794 1.785000 5.178000
1 17507 3579518704 1.742000 3.571000
1 17614 3627941506 1.733000 13.280000
1 17698 3665335785 1.792000 0.824300
1 17739 3683717467 1.785000 1.359000
1 17985 3794755704 1.771000 1.294000
1 18086 3840070648 1.765000 0.283700
1 18095 3844022299 1.794000 4.834000
1 18279 3926619349 1.819000 1.550000
1 18773 4148883383 1.766000 0.062920
1 18773 4148899278 1.785000 1.495000
1 18773 4148992584 1.775000 0.011120
1 18773 4149041026 1.775000 0.147400
1 18773 4149139851 1.796000 1.938000
1 18773 4149190414 1.776000 0.261800
1 18773 4149253518 1.768000 0.848500
1 18774 4149432225 1.771000 0.759400
1 18774 4149481040 1.799000 1.333000
1 18797 4159782672 1.778000 1.498000
1 18797 4159834384 1.804000 0.471300
1 18797 4159851318 1.786000 0.592700
1 18798 4160196820 1.777000 0.663000
1 18798 4160239411 1.782000 2.793000
1 18798 4160315962 1.664000 0.252000
1 18837 4177900907 1.756000 1.772000
1 18907 4209221318 1.774000 6.976000
1 18954 4230289872 1.780000 0.421200
1 18954 4230317424 1.829000 8.747000
1 18954 4230367666 1.821000 1.874000
1 18991 4247153873 1.789000 1.234000
1 18991 4247291265 1.782000 3.295000
1 18991 4247336769 1.776000 0.384400
1 18992 4247384932 1.785000 0.641100
1 18992 4247416829 1.769000 0.682200
1 18992 4247482797 1.797000 0.836800
1 18992 4247659836 1.770000 0.412800
1 18992 4247677547 1.780000 0.644400
1 19082 4287929035 1.795000 4.685000
1 19091 4291878398 1.768000 0.633200
1 19211 51576060 1.786000 4.228000
1 19211 51748307 1.770000 1.232000
1 19212 51911138 1.785000 0.186200
1 19225 57592321 1.777000 3.201000
1 19225 57660888 1.770000 2.111000
1 19225 57776709 1.813000 0.442200
1 19225 57779920 1.772000 1.436000
1 19225 57814537 1.788000 3.760000
1 19225 57840723 1.787000 4.740000
1 19226 58263488 1.792000 0.885600
1 19226 58437286 1.769000 1.588000
1 19239 63994929 1.793000 2.123000
1 19240 64594339 1.762000 2.297000
1 19243 65733822 1.775000 1.254000
1 19243 65866738 1.771000 6.427000
1 19243 66040111 1.773000 0.793300
1 19244 66178915 1.784000 0.287600
1 19244 66242010 1.759000 6.016000
1 19244 66414446 1.782000 0.935200
1 19244 66517129 1.780000 0.549300
1 19261 73768528 1.776000 4.296000
1 19261 73851035 1.776000 2.432000
1 19261 74152731 1.766000 0.489800
1 19261 74178012 1.796000 4.458000
1 19261 74187118 1.778000 1.320000
1 19262 74322236 1.765000 2.858000
1 19262 74621946 1.744000 0.819400
1 19273 79411139 1.805000 1.847000
1 19274 79724490 1.777000 0.478200
1 19274 80027356 1.834000 2.399000
1 19297 89992228 1.780000 0.517100
1 19297 90344625 1.779000 0.738000
1 19297 90454716 1.780000 5.184000
1 19298 90558051 1.778000 1.685000
1 19329 104435340 1.779000 0.175400
1 19329 104463713 1.786000 0.257300
1 19329 104599163 1.788000 5.084000
1 19333 106237636 1.769000 0.662900
1 19333 106340962 1.821000 1.245000
1 19333 106440952 1.763000 0.515900
1 19335 107461536 1.738000 0.155000
1 19335 107492004 1.779000 0.339800
1 19339 108847865 1.800000 2.707000
1 19339 109105284 1.796000 1.329000
1 19339 109141552 1.768000 2.840000
1 19339 109340352 1.776000 9.826000
1 19340 109737164 1.747000 0.697800
1 19343 110688769 1.775000 1.615000
1 19343 110700272 1.755000 6.959000
1 19343 110701236 1.763000 0.704900
1 19343 110735148 1.737000 3.150000
1 19343 110836620 1.767000 0.726500
1 19343 111036441 1.772000 1.856000
1 19343 111103266 1.793000 3.102000
1 19343 111123933 1.778000 0.109700
1 19353 115205683 1.761000 0.457200
1 19353 115220289 1.773000 0.578500
1 19353 115523777 1.781000 2.975000
1 19354 115755604 1.774000 0.828800
1 19357 117378021 1.775000 0.586100
1 19357 117404936 1.765000 0.675800
1 19357 117440114 1.830000 0.666400
1 19358 117649404 1.786000 1.509000
1 19375 125042727 1.791000 1.295000
1 19375 125511821 1.810000 5.028000
1 19376 125548681 1.755000 0.448100
1 19376 125846132 1.761000 0.482200
1 19395 134245937 1.759000 1.423000
1 19395 134251669 1.826000 8.801000
1 19395 134262975 1.770000 0.964100
1 19395 134293111 1.721000 2.160000
1 19395 134480984 1.794000 1.868000
1 19399 135884222 1.759000 0.965000
1 19399 135961435 1.751000 4.564000
1 19399 136068547 1.771000 0.332500
1 19399 136175288 1.690000 0.220600
1 19399 136333664 1.755000 1.329000
1 19400 136335730 1.827000 1.187000
1 19400 136496918 1.791000 0.461900
1 19467 166903002 1.757000 0.107500
1 19513 187451614 1.770000 0.926200
1 19513 187541660 1.773000 1.740000
1 19520 190570094 1.783000 4.715000
1 19520 190590031 1.750000 7.028000
1 19523 191638794 1.808000 13.020000
1 19523 191947370 1.780000 2.346000
1 19523 191969964 1.784000 3.087000
1 19601 226787834 1.787000 2.465000
1 19601 226881148 1.816000 0.790900
1 19601 227115693 1.788000 0.287300
1 19601 227122530 1.817000 8.799000
1 19602 227324165 1.736000 0.353900
1 19602 227518057 1.748000 1.868000
1 19603 227848351 1.774000 0.797300
1 19603 227866966 1.775000 0.856600
1 19603 227967783 1.780000 1.280000
1 19604 228134950 1.755000 0.838200
1 19604 228233464 1.762000 1.651000
1 19604 228307854 1.767000 0.319100
1 19604 228328047 1.770000 0.119300
1 19604 228434390 1.779000 3.039000
1 19605 228657941 1.756000 0.844600
1 19605 228734218 1.773000 0.191600
1 19605 228829532 1.626000 1.475000
1 19606 229175818 1.763000 3.229000
1 19606 229209196 1.793000 0.689700
1 19606 229231764 1.741000 0.920900
1 19606 229292324 1.753000 3.320000
1 19606 229362453 1.780000 3.904000
1 19611 231245934 1.793000 0.189600
1 19611 231308716 1.753000 4.294000
1 19625 237693786 1.773000 0.318500
1 19637 242920322 1.753000 3.135000
1 19645 246792292 1.744000 3.808000
1 19651 249184370 1.767000 0.478200
1 19651 249251321 1.788000 0.877000
1 19651 249267506 1.793000 3.612000
1 19651 249297821 1.797000 3.015000
1 19651 249431476 1.823000 2.173000
1 19653 250300746 1.792000 1.301000
1 19653 250376018 1.745000 1.954000
1 19653 250484128 1.755000 0.752700
1 19654 250699585 1.794000 2.459000
1 19654 250721682 1.766000 0.901200
1 19654 250837086 1.758000 0.458700
1 19654 250970398 1.781000 1.440000
1 19659 252952446 1.753000 3.326000
1 19659 252996656 1.762000 0.438700
1 19659 253241674 1.789000 4.320000
1 19660 253415986 1.761000 2.901000
1 19660 253467553 1.744000 0.579100
1 19660 253491380 1.781000 2.702000
1 19660 253514132 1.772000 0.402400
1 19660 253582311 1.797000 1.471000
1 19682 263554307 1.785000 3.756000
1 19702 272323810 1.801000 20.860000
1 19702 272388577 1.766000 0.850400
1 19702 272499998 1.767000 0.537800
1 19719 280225396 1.758000 5.358000
1 19720 280368552 1.784000 0.509500
1 19720 280487784 1.781000 2.596000
1 19743 290623301 1.766000 1.193000
1 19743 290875329 1.795000 0.122300
1 19743 290966632 1.812000 0.095120
1 19743 290982941 1.793000 1.167000
1 19744 291335569 1.804000 8.884000
1 19744 291418681 1.755000 0.581900
1 19753 295081910 1.797000 0.385700
1 19753 295275361 1.783000 0.414600
1 19753 295335028 1.794000 1.017000
1 19753 295431128 1.765000 11.000000
1 19754 295598946 1.792000 5.730000
1 19754 295615493 1.769000 0.294900
1 19754 295785438 1.822000 2.310000
1 19754 295933774 1.778000 0.954700
1 19806 318946825 1.779000 0.685100
1 19806 319073745 1.778000 0.702300
1 19807 319508525 1.824000 3.848000
1 19807 319714502 1.787000 2.145000
1 19808 319894078 1.779000 4.369000
1 19808 319906735 1.754000 0.245300
1 19808 319999359 1.773000 1.442000
1 19808 320164391 1.770000 2.810000
1 19808 320205969 1.751000 0.267400
1 19835 331958378 1.796000 0.454200
1 19853 340042760 1.740000 2.543000
1 19853 340496771 1.774000 0.534600
1 19854 340906120 1.758000 0.046800
1 19854 340906645 1.786000 2.680000
1 19857 342080519 1.768000 5.471000
1 19857 342212273 1.778000 0.795500
1 19858 342412515 1.780000 0.116500
1 19858 342580768 1.785000 0.251300
1 19858 342620742 1.793000 7.126000
1 19858 342660174 1.783000 8.944000
1 19868 347038369 1.795000 3.169000
1 19869 347581260 1.873000 0.491700
1 19877 350942820 1.790000 1.174000
1 19877 351012629 1.724000 0.135800
1 19877 351318804 1.777000 3.082000
1 19878 351362830 1.772000 0.306600
1 19883 353800532 1.773000 0.427200
1 19883 353916169 1.766000 1.933000
1 19883 353980523 1.784000 0.213700
1 19883 354004204 1.806000 2.576000
1 19883 354026690 1.804000 1.239000
1 19884 354043038 1.783000 3.402000
1 19884 354139513 1.802000 3.728000
1 19884 354156967 1.780000 0.191100
1 19884 354270691 1.790000 1.406000
1 19886 355032425 1.755000 0.766300
1 19886 355247543 1.762000 0.295300
1 19901 361638456 1.791000 7.341000
1 19901 361733474 1.779000 0.226600
1 19901 361754265 1.786000 13.330000
1 19901 362081281 1.788000 0.498100
1 19904 363040636 1.792000 3.041000
1 19909 365294250 1.762000 0.936800
1 19909 365590505 1.766000 1.046000
1 19913 367363263 1.732000 0.784100
1 19913 367455245 1.786000 1.847000
1 19913 367468349 1.709000 3.085000
1 19914 367823360 1.778000 1.045000
1 19914 367870889 1.759000 1.088000
1 19965 390420034 1.781000 0.079320
1 19965 390511331 1.777000 0.298600
1 19965 390530711 1.778000 0.846200
1 19965 390893500 1.742000 0.080610
1 19966 390984223 1.779000 1.059000
1 19966 391013697 1.796000 6.251000
1 19966 391030224 1.757000 1.629000
1 19971 393162831 1.778000 0.500900
1 19971 393428744 1.769000 0.535700
1 19971 393486684 1.759000 0.052830
1 19972 393634340 1.771000 0.421100
1 19972 393721568 1.856000 0.245900
1 19972 393947224 1.803000 2.351000
1 20000 406218927 1.772000 3.171000
1 20000 406292972 1.756000 0.401200
1 20000 406581455 1.834000 0.128400
1 20081 442902350 1.785000 8.792000
1 20174 484834893 1.771000 1.017000
1 20625 687476413 1.757000 7.497000
1 20798 765192351 1.772000 1.218000
1 20926 823101050 1.797000 0.114100
1 20999 855505291 1.715000 0.771400
1 21334 1006579241 1.747000 4.528000
1 21561 1108613954 1.818000 0.330500
1 21561 1108635587 1.779000 1.759000
1 21794 1213168222 1.768000 1.913000
1 21911 1265898485 1.781000 4.158000
1 21940 1278843842 1.788000 0.691700
1 22063 1334507480 1.738000 0.336800
1 22162 1378957700 1.775000 1.663000
1 22396 1483896684 1.919000 0.426500
1 22459 1512225302 1.785000 0.863900
1 22672 1608213177 1.777000 0.972300
1 22741 1639483234 1.781000 1.243000
1 23005 1757788731 1.786000 3.298000
1 23007 1758754357 1.823000 1.991000
1 23356 1915997728 1.783000 0.506800
1 23387 1929723559 1.782000 0.435700
1 23921 2170022959 1.786000 1.231000
1 24086 2244100230 1.791000 8.707000
1 24117 2258197380 1.767000 0.331000
1 24189 2290338810 1.766000 0.386900
1 24208 2299098044 1.788000 2.157000
1 24224 2306102841 1.764000 1.146000
1 24249 2317517700 1.758000 2.242000
1 24576 2464716376 1.761000 2.258000
1 24799 2565013962 1.774000 7.158000
1 25194 2742639783 1.810000 1.415000
1 25208 2748889164 1.759000 0.610900
1 25281 2781694980 1.789000 8.840000
1 25369 2821361365 1.697000 16.590000
1 25516 2887232864 1.787000 0.054700
1 25655 2950060403 1.751000 0.908800
1 25701 2970729693 1.749000 3.450000
1 25866 3044752538 1.739000 1.267000
1 26008 3108592677 1.772000 1.716000
1 26008 3108652913 1.775000 0.402000
1 26008 3108784665 1.795000 1.946000
1 26033 3119743777 1.818000 0.344800
1 26034 3120319790 1.791000 0.021600
1 26034 3120542124 1.729000 5.579000
1 26061 3132463485 1.770000 0.938500
1 26061 3132477585 1.760000 2.278000
1 26061 3132726227 1.774000 0.790100
1 26062 3132816390 1.796000 0.279500
1 26062 3133152121 1.779000 1.430000
1 26158 3176176966 1.771000 0.169600
1 26187 3189143721 1.787000 1.013000
1 26187 3189154437 1.756000 1.242000
1 26187 3189164667 1.752000 0.451300
1 26187 3189210091 1.756000 2.936000
1 26187 3189317277 1.783000 0.592200
1 26220 3203985194 1.793000 17.160000
1 26297 3238496388 1.797000 0.151900
1 26297 3238620434 1.768000 3.581000
1 26297 3238719603 1.745000 2.765000
1 26297 3238882193 1.784000 0.864000
1 26298 3238961112 1.766000 1.522000
1 26314 3246280280 1.736000 0.064150
1 26383 3277150096 1.781000 0.054100
1 26383 3277161197 1.778000 0.681000
1 26383 3277171853 1.747000 0.649700
1 26383 3277219742 1.833000 0.403900
1 26383 3277412541 1.646000 1.988000
1 26383 3277427923 1.780000 1.425000
1 26384 3277829332 1.780000 0.074840
1 26384 3277842454 1.743000 0.812000
1 26384 3277874310 1.841000 10.060000
1 26384 3277930779 1.796000 0.086950
1 26384 3277990259 1.747000 0.698600
1 26502 3330776891 1.783000 1.191000
1 26502 3330786786 1.770000 1.781000
1 26502 3330874247 1.755000 0.769000
1 26502 3330909451 1.756000 0.733200
1 26503 3331303065 1.752000 4.524000
1 26503 3331383105 1.751000 0.491900
1 26503 3331447590 1.781000 0.207600
1 26503 3331545715 1.774000 1.098000
1 26504 3331708116 1.775000 0.900200
1 26504 3331754499 1.801000 0.605100
1 26504 3331885732 1.746000 0.538100
1 26504 3331899697 1.791000 0.398600
1 26504 3331901888 1.796000 0.553100
1 26523 3340558575 1.790000 0.981500
1 26524 3340852543 1.795000 2.700000
1 26524 3340861684 1.780000 0.894300
1 26535 3345754530 1.756000 0.540100
1 26582 3366817850 1.781000 3.328000
1 26582 3366840651 1.799000 0.973100
1 26583 3367407941 1.784000 0.437300
1 26583 3367522758 1.752000 1.060000
1 26583 3367528781 1.769000 1.150000
1 26584 3367841510 1.768000 0.832600
1 26584 3367859945 1.770000 0.415300
1 26636 3391107973 1.794000 1.863000
1 26636 3391128388 1.781000 2.360000
1 26636 3391157387 1.785000 1.223000
1 26636 3391247462 1.784000 3.046000
1 26638 3392157025 1.763000 10.460000
1 26643 3394241793 1.782000 10.100000
1 26643 3394267289 1.831000 5.165000
1 26643 3394405574 1.782000 0.937900
1 26645 3394988383 1.793000 0.333500
1 26645 3395105024 1.788000 0.155700
1 26646 3395587429 1.783000 3.803000
1 26660 3402079936 1.777000 2.405000
1 26660 3402132830 1.782000 0.735300
1 26700 3419932124 1.803000 1.600000
1 26700 3419936976 1.787000 0.087540
1 26700 3419966940 1.783000 0.857900
1 26700 3420045061 1.770000 5.149000
1 26700 3420141454 1.797000 2.068000
1 26716 3427087121 1.762000 0.950800
1 26716 3427222717 1.771000 2.477000
1 26716 3427258552 1.801000 2.965000
1 26716 3427297245 1.773000 0.725200
1 26720 3428918473 1.792000 1.206000
1 26759 3446612684 1.733000 2.245000
1 26767 3450122519 1.778000 1.149000
1 26767 3450325270 1.759000 0.766600
1 26768 3450474289 1.785000 0.623100
1 26768 3450587183 1.786000 0.487200
1 26768 3450590223 1.771000 10.220000
1 26768 3450692493 1.708000 1.258000
1 26771 3451671234 1.779000 1.502000
1 26771 3452057195 1.810000 33.700000
1 26771 3452100561 1.794000 2.686000
1 26772 3452222194 1.770000 0.189200
1 26791 3460814743 1.789000 1.733000
1 26791 3460874863 1.752000 0.389600
1 26791 3461022479 1.768000 0.460700
1 26792 3461295709 1.776000 0.571100
1 26792 3461407036 1.788000 2.372000
1 26821 3474238700 1.781000 0.679000
1 26821 3474349774 1.763000 2.067000
1 26873 3497875160 1.757000 2.401000
1 26873 3497948828 1.788000 1.195000
1 26873 3498004316 1.811000 0.215500
1 26874 3498012127 1.778000 0.560600
1 26874 3498211899 1.745000 4.465000
1 26960 3536777993 1.798000 0.359200
1 26986 3548387579 1.767000 7.153000
1 26986 3548420807 1.740000 0.935200
1 26986 3548750377 1.779000 0.159400
1 27005 3556881556 1.765000 0.288000
1 27005 3557139053 1.790000 1.443000
1 27005 3557300971 1.777000 0.781900
1 27013 3560549483 1.749000 1.229000
1 27014 3561031508 1.781000 0.581500
1 27014 3561054900 1.779000 0.658300
1 27019 3563177864 1.785000 2.720000
1 27019 3563466140 1.778000 1.028000
1 27019 3563581834 1.793000 3.409000
1 27028 3567612978 1.776000 5.931000
1 27033 3569520176 1.778000 0.973600
1 27033 3569544398 1.830000 1.764000
1 27033 3569692249 1.789000 0.545000
1 27033 3569754230 1.775000 1.161000
1 27033 3569878206 1.790000 0.028230
1 27033 3569881528 1.761000 0.172200
1 27034 3570146221 1.792000 1.085000
1 27121 3609222914 1.767000 1.849000
1 27121 3609388278 1.779000 4.347000
1 27122 3609775175 1.769000 0.520000
1 27122 3609850743 1.790000 0.550500
1 27122 3609905336 1.805000 1.160000
1 27136 3615946507 1.719000 1.416000
1 27146 3620677950 1.778000 4.590000
1 27147 3620913451 1.777000 0.085130
1 27147 3621060717 1.780000 0.616500
1 27147 3621116723 1.803000 0.615600
1 27147 3621229944 1.759000 0.370400
1 27201 3645350753 1.772000 2.396000
1 27201 3645525260 1.776000 3.305000
1 27242 3663802362 1.782000 0.827100
1 27242 3663831020 1.791000 1.521000
1 27242 3663861266 1.772000 0.658100
1 27257 3670231278 1.783000 0.996700
1 27257 3670551246 1.760000 4.669000
1 27257 3670587258 1.785000 2.965000
1 27257 3670672851 1.806000 17.950000
1 27258 3670952577 1.799000 0.974400
1 27258 3671069727 1.767000 0.675500
1 27279 3680168057 1.756000 2.665000
1 27279 3680226916 1.789000 1.070000
1 27279 3680599476 1.775000 0.497400
1 27279 3680613720 1.774000 1.070000
1 27280 3680845319 1.779000 2.612000
1 27280 3680866045 1.769000 7.440000
1 27283 3682022030 1.800000 2.404000
1 27284 3682772430 1.769000 16.370000
1 27288 3684246043 1.754000 2.873000
1 27288 3684411480 1.776000 0.934900
1 27328 3702257811 1.766000 0.081910
1 27328 3702383243 1.754000 7.798000
1 27328 3702438747 1.764000 1.743000
1 27329 3702659705 1.771000 1.153000
1 27329 3702797839 1.777000 0.930300
1 27329 3703031294 1.785000 0.282700
1 27330 3703175346 1.770000 1.501000
1 27330 3703254777 1.794000 3.543000
1 27330 3703294424 1.800000 3.033000
1 27330 3703355309 1.786000 0.786300
1 27337 3706249054 1.768000 2.121000
1 27337 3706262484 1.784000 1.302000
1 27337 3706529161 1.790000 1.260000
1 27337 3706561336 1.760000 7.001000
1 27337 3706638178 1.800000 0.374100
1 27337 3706693250 1.769000 0.530900
1 27337 3706700271 1.789000 0.505000
1 27369 3720889610 1.772000 10.820000
1 27383 3727154511 1.775000 2.048000
1 27384 3727527828 1.771000 0.241800
1 27384 3727775660 1.732000 0.674200
1 27390 3730446148 1.800000 0.949900
1 27424 3745442030 1.808000 1.606000
1 27424 3745586628 1.767000 1.310000
1 27425 3746239067 1.804000 0.588200
1 27463 3762937233 1.797000 0.048460
1 27464 3763555689 1.736000 13.910000
1 27464 3763656653 1.777000 4.290000
1 27464 3763674960 1.798000 0.248800
1 27464 3763741063 1.754000 0.562200
1 27483 3772070962 1.749000 6.754000
1 27483 3772151062 1.807000 3.206000
1 27484 3772448605 1.783000 0.359800
1 27484 3772585514 1.779000 2.817000
1 27484 3772726608 1.795000 0.491000
1 27491 3775869127 1.760000 1.831000
1 27586 3818282839 1.780000 3.671000
1 27595 3822593080 1.844000 6.450000
1 27596 3822799756 1.815000 2.762000
1 27603 3825849310 1.782000 1.576000
1 27603 3826065216 1.650000 0.237300
1 27603 3826161289 1.773000 2.586000
1 27604 3826350816 1.782000 2.038000
1 27611 3829828090 1.757000 0.463400
1 27626 3836263072 1.760000 2.689000
1 27647 3846002697 1.785000 2.206000
1 27671 3856557835 1.816000 0.188800
1 27671 3856907714 1.872000 73.430000
1 27672 3857312773 1.767000 11.420000
1 27683 3862148942 1.799000 0.380600
1 27684 3862624717 1.777000 0.599500
1 27727 3881716269 1.786000 0.814800
1 27727 3881778134 1.766000 1.605000
1 27727 3881888389 1.782000 1.639000
1 27728 3882492261 1.820000 11.740000
1 27776 3903851593 1.805000 1.908000
1 27776 3903941079 1.791000 0.096760
1 27776 3904064937 1.765000 0.737500
1 27787 3908695852 1.819000 0.384500
1 27787 3908696277 1.764000 1.354000
1 27787 3908745234 1.786000 3.516000
1 27787 3908772224 1.729000 0.265700
1 27787 3908805597 1.772000 0.328800
1 27787 3909048766 1.735000 3.962000
1 27787 3909099873 1.686000 0.526600
1 27788 3909447321 1.777000 1.131000
1 27791 3910450872 1.799000 1.187000
1 27792 3911059933 1.794000 0.109100
1 27812 3920126960 1.792000 0.531000
1 27843 3933856771 1.793000 0.857600
1 27843 3933859126 1.747000 0.600700
1 27843 3933873342 1.790000 3.658000
1 27844 3934334581 1.765000 0.332800
1 27844 3934387209 1.792000 1.268000
1 27844 3934569750 1.781000 1.767000
1 27883 3952005983 1.786000 0.269900
1 27883 3952139920 1.779000 7.151000
1 27888 3954300108 1.771000 0.084220
1 27903 3960887425 1.751000 2.083000
1 27903 3961039748 1.772000 0.893600
1 27903 3961097208 1.784000 2.337000
1 27905 3961731122 1.781000 0.440800
1 27905 3961733030 1.748000 0.106300
1 27905 3962136734 1.792000 0.547200
1 27905 3962146847 1.724000 0.121000
1 27906 3962394396 1.761000 1.904000
1 27906 3962564552 1.806000 1.610000
1 27927 3971734658 1.805000 1.531000
1 27927 3971738949 1.701000 0.003471
1 27927 3971766252 1.760000 15.420000
1 27928 3972103642 1.763000 0.837700
1 27928 3972459663 1.766000 35.570000
1 27934 3974780149 1.755000 0.245600
1 27934 3974839668 1.762000 0.062940
1 27934 3974875481 1.791000 0.279100
1 27934 3974913743 1.792000 10.780000
1 27934 3974939277 1.791000 0.759100
1 27934 3975009251 1.752000 1.268000
1 27934 3975045248 1.780000 0.919600
1 27943 3978821249 1.675000 2.362000
1 27945 3979913598 1.774000 0.501100
1 27945 3979979352 1.742000 0.577100
1 27945 3980148233 1.804000 3.462000
1 27946 3980430096 1.781000 5.664000
1 27946 3980524269 1.760000 3.798000
1 28219 4103174189 1.735000 2.293000
1 28322 4149441355 1.709000 5.059000
1 28847 91345929 1.708000 8.046000
1 28939 132437304 1.732000 0.216000
1 30444 809539917 1.767000 1.092000
1 30481 826280414 1.747000 0.576800
1 30500 834753102 1.729000 2.374000
1 30592 875837764 1.761000 2.773000
1 31013 1065360386 1.791000 0.902600
1 31203 1150991923 1.776000 1.605000
1 31261 1176692580 1.782000 0.279600
1 31401 1239711710 1.754000 1.565000
1 31435 1255214672 1.770000 2.759000
1 31483 1276783665 1.776000 1.228000
1 31650 1351846032 1.814000 22.300000
1 31675 1363304001 1.808000 13.360000
1 31683 1366653813 1.747000 1.986000
1 31706 1376894956 1.787000 2.544000
1 32003 1510436210 1.797000 0.387800
1 32003 1510714777 1.766000 0.386800
1 32159 1580582430 1.809000 2.018000
1 32159 1580738439 1.788000 0.200900
1 32202 1600035766 1.754000 1.128000
1 32216 1606312853 1.766000 1.568000
1 32275 1633117462 1.809000 9.788000
1 32341 1662872228 1.747000 1.743000
1 32349 1666085216 1.787000 0.620100
1 32349 1666172536 1.779000 0.968300
1 32350 1666513693 1.818000 0.535500
1 32410 1693844610 1.747000 1.482000
1 32420 1698012525 1.792000 4.284000
1 32420 1698220254 1.775000 0.480700
1 32496 1732188471 1.775000 1.575000
1 32496 1732431015 1.766000 1.109000
1 32613 1784788007 1.825000 14.140000
1 32613 1784896827 1.811000 0.309600
1 32613 1784923811 1.750000 0.353600
1 32613 1784950697 1.781000 2.121000
1 32613 1785229622 1.795000 0.556700
1 32614 1785286723 1.769000 1.117000
1 32614 1785357145 1.754000 2.151000
1 32614 1785565160 1.769000 0.242500
1 32635 1795020357 1.764000 0.165100
1 32635 1795028456 1.761000 0.442500
1 32635 1795029724 1.761000 2.778000
1 32636 1795169719 1.743000 1.853000
1 32636 1795227148 1.780000 1.885000
1 32636 1795303299 1.787000 2.079000
1 32636 1795413900 1.750000 2.605000
1 32701 1824355627 1.783000 9.197000
1 32701 1824481895 1.770000 1.206000
1 32701 1824630122 1.780000 0.516600
1 32702 1825109642 1.748000 5.424000
1 32702 1825144347 1.817000 4.934000
1 32703 1825335315 1.787000 1.101000
1 32703 1825574426 1.767000 1.136000
1 32703 1825597583 1.782000 0.979900
1 32704 1825937964 1.803000 0.418700
1 32705 1826135188 1.805000 0.663200
1 32705 1826379928 1.779000 1.697000
1 32719 1832453112 1.789000 1.576000
1 32719 1832658547 1.778000 0.924100
1 32719 1832703291 1.776000 1.849000
1 32719 1832716388 1.852000 52.540000
1 32719 1832854432 1.812000 1.993000
1 32720 1833264890 1.762000 5.948000
1 32745 1844511696 1.752000 0.992000
1 32813 1874943804 1.819000 1.445000
1 32813 1875105945 1.770000 4.897000
1 32813 1875171427 1.776000 0.238300
1 32813 1875184698 1.794000 0.786800
1 32814 1875205794 1.765000 2.297000
1 32814 1875353636 1.776000 0.213700
1 32814 1875390491 1.777000 0.441500
1 32814 1875549145 1.741000 1.727000
1 32817 1876517368 1.842000 1.071000
1 32817 1876527952 1.786000 1.115000
1 32817 1876553893 1.789000 0.528900
1 32817 1876947616 1.800000 1.852000
1 32820 1877992659 1.790000 0.796900
1 32894 1911417663 1.773000 1.744000
1 32941 1932674553 1.758000 4.645000
1 32942 1932811506 1.783000 0.288600
1 32942 1932839930 1.770000 0.477100
1 32973 1947040656 1.798000 1.394000
1 32974 1947265335 1.742000 1.047000
1 32997 1957532775 1.770000 0.267300
1 32997 1957575797 1.748000 0.123900
1 32998 1957980939 1.799000 4.311000
1 32999 1958352098 1.850000 0.359300
1 32999 1958743625 1.762000 0.308900
1 33000 1958936106 1.787000 0.901400
1 33000 1958951050 1.774000 0.497000
1 33000 1959029766 1.788000 6.805000
1 33000 1959046364 1.779000 0.985400
1 33000 1959223955 1.784000 0.148700
1 33000 1959225345 1.791000 3.911000
1 33005 1961060939 1.799000 0.787100
1 33005 1961307289 1.706000 6.470000
1 33005 1961326892 1.757000 0.683500
1 33005 1961360116 1.805000 0.545400
1 33005 1961396672 1.769000 0.620500
1 33005 1961454383 1.760000 0.028380
1 33005 1961458631 1.742000 1.225000
1 33006 1961751845 1.783000 0.494900
1 33006 1961796545 1.780000 2.658000
1 33006 1961856641 1.797000 0.973400
1 33006 1961915419 1.786000 2.503000
1 33055 1983590518 1.780000 0.309700
1 33055 1983694604 1.764000 1.827000
1 33055 1983836911 1.810000 0.263600
1 33055 1983983362 1.706000 4.362000
1 33056 1984426792 1.661000 1.378000
1 33081 1995292891 1.784000 1.759000
1 33082 1995884292 1.753000 3.429000
1 33082 1995903914 1.759000 0.455600
1 33135 2019802989 1.810000 2.561000
1 33200 2048925085 1.765000 0.404700
1 33200 2049082109 1.760000 0.498900
1 33208 2052468028 1.771000 0.341700
1 33208 2052695650 1.783000 0.630900
1 33208 2052764942 1.773000 0.740100
1 33215 2055561823 1.764000 1.115000
1 33217 2056456298 1.788000 4.314000
1 33217 2056500104 1.793000 0.439600
1 33217 2056831476 1.773000 0.815000
1 33260 2075899379 1.750000 0.212000
1 33260 2075965386 1.807000 1.586000
1 33306 2096586325 1.788000 0.657100
1 33323 2104124166 1.770000 0.297900
1 33323 2104203995 1.773000 0.154500
1 33324 2104795628 1.791000 2.943000
1 33331 2107829192 1.805000 3.199000
1 33331 2107888026 1.730000 1.103000
1 33331 2108096822 1.761000 1.170000
1 33332 2108236615 1.773000 3.351000
1 33332 2108237313 1.774000 0.260200
1 33356 2119305047 1.707000 0.926900
1 33357 2119732557 1.748000 0.152100
1 33445 2159103523 1.787000 0.056580
1 33445 2159116824 1.760000 0.119400
1 33446 2159698533 1.779000 2.370000
1 33471 2170923134 1.757000 0.820400
1 33471 2171011142 1.760000 0.746600
1 33471 2171135920 1.769000 0.372600
1 33472 2171224919 1.770000 0.996200
1 33472 2171289948 1.791000 4.289000
1 33472 2171405133 1.750000 0.322700
1 33473 2171573857 1.789000 0.752800
1 33473 2171673457 1.798000 0.733500
1 33473 2172031094 1.769000 32.020000
1 33474 2172049666 1.757000 0.145200
1 33474 2172083634 1.776000 0.978900
1 33474 2172236322 1.797000 1.489000
1 33474 2172315778 1.753000 23.710000
1 33474 2172440842 1.758000 0.861300
1 33481 2175352357 1.775000 1.647000
1 33481 2175552658 1.819000 1.144000
1 33482 2175756719 1.768000 6.013000
1 33482 2175825560 1.746000 1.658000
1 33584 2221618479 1.760000 0.278700
1 33584 2221662883 1.779000 0.810100
1 33584 2221723540 1.777000 0.088170
1 33584 2221880699 1.753000 0.361500
1 33609 2232767130 1.772000 4.280000
1 33609 2233020177 1.769000 0.812200
1 33610 2233331911 1.776000 0.928800
1 33610 2233441061 1.738000 2.713000
1 33610 2233527976 1.763000 2.366000
1 33624 2239820209 1.757000 1.253000
1 33648 2250320284 1.773000 1.405000
1 33648 2250534352 1.748000 10.840000
1 33648 2250589479 1.766000 0.260400
1 33648 2250613773 1.758000 4.433000
1 33675 2262452221 1.757000 0.314200
1 33675 2262785227 1.818000 1.020000
1 33676 2263037579 1.830000 1.162000
1 33681 2265396923 1.761000 0.504400
1 33681 2265462837 1.771000 0.344600
1 33681 2265501947 1.790000 0.145800
1 33698 2273083684 1.770000 3.352000
1 33698 2273105797 1.782000 1.340000
1 33698 2273110736 1.784000 0.780900
1 33770 2305359992 1.785000 0.798500
1 33770 2305406202 1.800000 1.777000
1 33770 2305423674 1.748000 1.242000
1 33854 2343072237 1.792000 3.063000
1 33859 2345536035 1.792000 0.281000
1 33859 2345551660 1.781000 1.620000
1 33860 2345696913 1.673000 0.465300
1 33877 2353295840 1.733000 6.718000
1 33877 2353309207 1.787000 0.648400
1 33877 2353391733 1.811000 1.006000
1 33877 2353660280 1.778000 0.657300
1 33887 2358186371 1.799000 1.948000
1 33915 2370434766 1.772000 0.167800
1 33915 2370460418 1.752000 0.951300
1 33915 2370620415 1.807000 1.042000
1 33915 2370781405 1.769000 1.420000
1 33916 2370902145 1.759000 0.225100
1 33916 2371105056 1.782000 4.331000
1 33916 2371142350 1.761000 0.895600
1 33916 2371196060 1.780000 0.003474
1 33933 2378817219 1.767000 7.636000
1 33953 2387899513 1.777000 8.597000
1 33961 2391047224 1.759000 1.328000
1 33961 2391441351 1.760000 0.882500
1 33962 2391599795 1.825000 0.569500
1 33962 2391859601 1.785000 0.435500
1 33965 2392912240 1.756000 1.420000
1 33969 2395029613 1.805000 3.577000
1 34798 2767605710 1.798000 0.293300
1 34883 2806055323 1.776000 3.566000
1 35137 2920387438 1.910000 4.352000
1 35163 2931700513 1.772000 18.670000
1 35549 3105576511 1.772000 3.896000
1 35647 3149382572 1.884000 6.992000
1 35815 3225135902 1.766000 3.393000
1 36041 3326618067 1.761000 0.625700
1 36041 3327013936 1.789000 0.738600
1 36041 3327084414 1.789000 0.280100
1 36042 3327356674 1.782000 4.790000
1 36042 3327398829 1.778000 2.208000
1 36119 3361720126 1.786000 0.397000
1 36151 3376096844 1.766000 1.452000
1 36151 3376410921 1.760000 0.100700
1 36151 3376473756 1.775000 6.238000
1 36152 3376620471 1.730000 0.683600
1 36152 3376650168 1.777000 1.210000
1 36152 3376790216 1.778000 0.270400
1 36157 3379014672 1.744000 0.282400
1 36157 3379120478 1.792000 1.349000
1 36175 3387028455 1.762000 1.679000
1 36175 3387086744 1.766000 0.305400
1 36175 3387126796 1.766000 2.005000
1 36175 3387282489 1.755000 8.154000
1 36175 3387325326 1.768000 0.502200
1 36176 3387367865 1.760000 8.506000
1 36176 3387524806 1.777000 2.332000
1 36176 3387558658 1.754000 3.431000
1 36176 3387656649 1.774000 1.575000
1 36176 3387728455 1.776000 1.753000
1 36197 3397033597 1.779000 8.552000
1 36197 3397159942 1.767000 0.439200
1 36202 3399285045 1.785000 0.479400
1 36202 3399310152 1.781000 1.325000
1 36202 3399417286 1.781000 0.249600
1 36297 3441748350 1.761000 2.556000
1 36297 3441817256 1.788000 0.158600
1 36297 3441868420 1.790000 0.798500
1 36297 3441961873 1.788000 0.723600
1 36297 3442166782 1.781000 3.106000
1 36298 3442328583 1.807000 2.046000
1 36298 3442493815 1.783000 1.528000
1 36298 3442624120 1.727000 5.686000
1 36301 3443534435 1.763000 0.337200
1 36301 3443623567 1.772000 0.443300
1 36301 3443665540 1.798000 0.968000
1 36301 3443935773 1.858000 1.237000
1 36327 3455269880 1.775000 0.771700
1 36327 3455496593 1.801000 1.080000
1 36327 3455617010 1.787000 2.211000
1 36393 3484951071 1.747000 2.535000
1 36393 3485135730 1.785000 2.315000
1 36396 3486515600 1.772000 0.961300
1 36401 3488567659 1.794000 0.558200
1 36402 3489152594 1.778000 0.339200
1 36402 3489214495 1.787000 4.353000
1 36402 3489315190 1.776000 13.520000
1 36409 3492322027 1.781000 0.538100
1 36409 3492393527 1.795000 0.082770
1 36409 3492517762 1.754000 0.296100
1 36409 3492604827 1.811000 1.137000
1 36429 3501397796 1.708000 7.362000
1 36430 3501613047 1.794000 2.710000
1 36430 3501853009 1.755000 1.249000
1 36437 3504732573 1.768000 1.126000
1 36437 3504755624 1.786000 0.248100
1 36438 3505240303 1.748000 0.389000
1 36438 3505407618 1.781000 1.161000
1 36438 3505420949 1.788000 0.966300
1 36438 3505428999 1.781000 0.237800
1 36438 3505431192 1.767000 1.084000
1 36462 3516214746 1.808000 0.348600
1 36521 3542540893 1.769000 1.192000
1 36521 3542721951 1.792000 0.887000
1 36522 3543206713 1.737000 10.950000
1 36527 3545215694 1.775000 0.452600
1 36527 3545299455 1.729000 0.260600
1 36527 3545320213 1.756000 0.068940
1 36528 3545682686 1.781000 0.659000
1 36528 3545742233 1.771000 0.097310
1 36528 3545776922 1.742000 1.469000
1 36528 3545820529 1.759000 2.484000
1 36587 3572204494 1.795000 0.881900
1 36587 3572647565 1.822000 1.085000
1 36588 3572994246 1.770000 4.247000
1 36621 3587468969 1.768000 3.817000
1 36621 3587533548 1.788000 3.030000
1 36621 3587718029 1.758000 1.332000
1 36621 3587790103 1.800000 0.656700
1 36621 3587875677 1.802000 1.002000
1 36621 3587945015 1.780000 2.486000
1 36622 3588024712 1.767000 5.548000
1 36622 3588197751 1.798000 1.964000
1 36622 3588239905 1.763000 0.370900
1 36625 3589320629 1.798000 0.069070
1 36626 3589814641 1.764000 2.117000
1 36626 3589829038 1.758000 2.395000
1 36626 3589863538 1.766000 0.394300
1 36626 3590113337 1.756000 0.977600
1 36633 3592886132 1.779000 0.718200
1 36633 3592890697 1.778000 0.401600
1 36633 3593184312 1.767000 3.552000
1 36634 3593410626 1.787000 4.161000
1 36634 3593569479 1.787000 0.365200
1 36634 3593604934 1.775000 1.196000
1 36634 3593705838 1.787000 0.417900
1 36639 3595559689 1.809000 1.080000
1 36720 3632089541 1.803000 10.660000
1 36805 3670326492 1.740000 3.252000
1 36805 3670344251 1.784000 0.226400
1 36805 3670356766 1.770000 0.233200
1 36805 3670363089 1.768000 0.822300
1 36805 3670365493 1.773000 0.091450
1 36805 3670367486 1.742000 0.968000
1 36805 3670444418 1.788000 5.855000
1 36805 3670620751 1.789000 2.578000
1 36805 3670680779 1.752000 1.635000
1 36806 3671084164 1.752000 0.322600
1 36815 3675153104 1.778000 1.837000
1 36853 3692070069 1.775000 1.076000
1 36853 3692142394 1.791000 0.456000
1 36854 3692365066 1.765000 1.341000
1 36854 3692594221 1.770000 0.803200
1 36854 3692697268 1.799000 1.228000
1 36854 3692708675 1.799000 0.946000
1 36880 3704073289 1.782000 0.017400
1 36880 3704146566 1.762000 0.408200
1 36926 3724705361 1.730000 0.478200
1 36926 3724764862 1.810000 1.006000
1 36926 3724835521 1.761000 0.077890
1 36926 3724886344 1.750000 1.541000
1 36926 3724987183 1.764000 1.563000
1 36951 3735959133 1.764000 0.371400
1 36951 3736091065 1.701000 1.383000
1 36951 3736231961 1.787000 0.545100
1 36952 3736642162 1.785000 2.016000
1 36952 3736643467 1.793000 1.609000
1 36953 3736957230 1.786000 1.540000
1 36953 3737133231 1.782000 0.181300
1 36953 3737159827 1.783000 3.768000
1 36953 3737198524 1.748000 0.870200
1 36963 3741440448 1.732000 2.109000
1 36964 3741919772 1.804000 1.628000
1 36964 3742155629 1.758000 2.922000
1 36977 3747779956 1.774000 0.308400
1 37021 3767430306 1.787000 0.081120
1 37021 3767534817 1.747000 1.524000
1 37021 3767809318 1.730000 0.171000
1 37021 3767864579 1.792000 0.887500
1 37022 3767896781 1.753000 1.464000
1 37022 3767944942 1.792000 4.152000
1 37022 3768087949 1.759000 0.638600
1 37022 3768212969 1.769000 0.334700
1 37041 3776394821 1.790000 0.230400
1 37041 3776478611 1.779000 32.470000
1 37041 3776549042 1.795000 1.182000
1 37041 3776846586 1.757000 1.133000
1 37042 3777051974 1.833000 1.058000
1 37113 3808913345 1.778000 0.200200
1 37114 3809438282 1.779000 0.251000
1 37114 3809552041 1.777000 1.747000
1 37183 3840487352 1.749000 0.013090
1 37183 3840612455 1.806000 0.912200
1 37183 3840645124 1.810000 4.186000
1 37184 3841044976 1.792000 0.601200
1 37184 3841059471 1.804000 2.188000
1 37253 3872116590 1.784000 0.085280
1 37281 3884606401 1.770000 1.913000
1 37299 3892790272 1.774000 1.522000
1 37305 3895430494 1.698000 7.697000
1 37307 3896315386 1.771000 0.830900
1 37307 3896418551 1.775000 0.625600
1 37308 3896553272 1.806000 0.020230
1 37308 3896641111 1.813000 0.635400
1 37311 3897974666 1.811000 3.534000
1 37311 3898271470 1.807000 0.575400
1 37325 3904313801 1.887000 4.380000
1 37325 3904440812 1.765000 0.731900
1 37325 3904474109 1.779000 0.460600
1 37325 3904488295 1.775000 0.091690
1 37325 3904571375 1.776000 4.253000
1 37326 3904833941 1.765000 1.838000
1 37326 3904973756 1.766000 1.660000
1 37335 3908689008 1.773000 1.148000
1 37336 3909370285 1.789000 0.238500
1 37336 3909410121 1.807000 2.906000
1 37336 3909457175 1.776000 4.950000
1 37339 3910550644 1.735000 4.827000
1 37501 3983571912 1.761000 1.464000
1 37501 3983750344 1.781000 0.671900
1 37502 3983788354 1.751000 1.406000
1 37512 3988332244 1.798000 0.391300
1 37535 3998723700 1.762000 0.123500
1 37535 3998798914 1.780000 1.472000
1 37552 4006309244 1.765000 1.919000
1 37611 4033025187 1.759000 1.037000
1 37611 4033108215 1.779000 0.925300
1 37641 4046353601 1.787000 0.327700
1 37641 4046729428 1.774000 1.545000
1 37642 4046845007 1.797000 0.713800
1 37642 4047014447 1.793000 1.413000
1 37642 4047136414 1.802000 3.974000
1 37687 4066957240 1.762000 1.451000
1 37687 4067036816 1.820000 0.644300
1 37687 4067179438 1.790000 3.270000
1 37688 4067501351 1.782000 1.030000
1 37688 4067508096 1.789000 0.815300
1 37688 4067585062 1.769000 0.557200
1 37692 4069382351 1.777000 0.997900
1 37692 4069590318 1.770000 0.302900
1 37692 4069593841 1.738000 1.103000
1 37717 4080449072 1.793000 0.966800
1 37717 4080592836 1.787000 2.482000
1 37717 4080728159 1.736000 0.875600
1 37717 4080786886 1.772000 0.657600
1 37853 4141850320 1.767000 0.361000
1 37853 4141900365 1.774000 1.354000
1 37853 4141942267 1.800000 1.359000
1 37853 4141974376 1.792000 0.173700
1 37857 4143587684 1.782000 0.881000
1 37910 4167483916 1.780000 1.284000
1 37910 4167583416 1.776000 1.142000
1 37910 4167616530 1.763000 0.683800
1 37915 4169861932 1.775000 0.476200
1 37929 4175992537 1.783000 0.298300
1 38016 4215331276 1.774000 0.796700
1 38028 4220623114 1.773000 4.098000
1 38403 94468597 1.803000 0.960900
1 38472 125639598 1.748000 1.864000
1 38644 203104641 1.774000 1.374000
1 38662 211121417 1.789000 3.651000
1 38772 260508740 1.714000 2.914000
1 38789 268127804 1.783000 2.397000
1 38965 347324812 1.741000 0.020880
1 39181 444725056 1.804000 1.888000
1 39249 475089598 1.804000 0.960800
1 39377 532758667 1.723000 7.134000
1 39669 664303335 1.770000 15.590000
1 39764 706763732 1.762000 0.757800
1 39917 775572752 1.734000 0.927600
1 40012 818240891 1.762000 1.629000
1 40012 818252781 1.782000 1.119000
1 40012 818254917 1.779000 1.994000
1 40012 818264357 1.801000 0.965200
1 40012 818301713 1.789000 0.380800
1 40012 818567420 1.796000 0.902200
1 40073 845690457 1.708000 1.042000
1 40074 846406245 1.765000 0.349900
1 40077 847653018 1.781000 0.745100
1 40078 848161102 1.772000 0.544700
1 40078 848262709 1.795000 0.798300
1 40115 864740351 1.779000 4.298000
1 40115 864911635 1.770000 0.199100
1 40116 865143025 1.790000 0.403000
1 40116 865244150 1.770000 1.335000
1 40116 865315169 1.783000 0.449500
1 40121 867351847 1.827000 7.498000
1 40121 867378450 1.700000 2.713000
1 40121 867487083 1.774000 0.887100
1 40122 868063655 1.789000 0.366000
1 40146 878869963 1.745000 0.653200
1 40165 887018003 1.788000 1.827000
1 40166 887610324 1.779000 0.213000
1 40166 887721556 1.771000 0.344800
1 40166 887793946 1.774000 0.270600
1 40269 933762535 1.785000 3.302000
1 40269 933764358 1.753000 0.800300
1 40269 933953110 1.784000 1.339000
1 40270 934364646 1.816000 6.304000
1 40270 934365487 1.777000 2.077000
1 40270 934422295 1.812000 10.040000
1 40270 934492539 1.777000 7.497000
1 40318 955937341 1.758000 0.462300
1 40318 955973237 1.816000 1.358000
1 40339 965359846 1.772000 0.152800
1 40339 965383228 1.761000 0.225200
1 40339 965458662 1.777000 1.222000
1 40339 965542756 1.776000 2.901000
1 40339 965607191 1.801000 1.123000
1 40339 965656450 1.789000 1.502000
1 40354 972181243 1.746000 0.228700
1 40354 972304627 1.758000 5.119000
1 40354 972374889 1.785000 1.735000
1 40384 985580159 1.770000 1.159000
1 40384 985780195 1.828000 2.106000
1 40385 986325757 1.804000 0.575600
1 40409 996805371 1.781000 0.234900
1 40409 997023412 1.764000 0.331400
1 40409 997176796 1.783000 0.724800
1 40411 998084946 1.784000 0.234700
1 40421 1002241825 1.792000 3.029000
1 40421 1002307578 1.809000 21.140000
1 40422 1002673181 1.790000 0.662300
1 40422 1002790289 1.780000 0.632600
1 40422 1002805426 1.739000 12.630000
1 40424 1003726956 1.766000 2.007000
1 40480 1028831199 1.777000 0.260700
1 40559 1064363037 1.752000 1.053000
1 40559 1064478467 1.769000 0.584200
1 40574 1071292858 1.839000 2.196000
1 40589 1078150547 1.754000 0.835600
1 40709 1131863247 1.797000 0.085240
1 40709 1132104036 1.774000 0.430000
1 40710 1132324771 1.767000 0.388400
1 40779 1163584523 1.793000 3.633000
1 40815 1179412753 1.788000 0.911400
1 40815 1179540923 1.805000 5.684000
1 40815 1179736413 1.762000 0.078520
1 40815 1179741613 1.771000 0.382400
1 40815 1179781478 1.745000 0.215700
1 40832 1187276954 1.761000 1.225000
1 40895 1215532733 1.763000 0.774000
1 40903 1219001588 1.775000 4.145000
1 40903 1219211022 1.802000 0.654100
1 40904 1219426926 1.786000 1.082000
1 40904 1219606482 1.742000 2.031000
1 40904 1219721096 1.768000 0.368200
1 41108 1311212528 1.793000 2.190000
1 41108 1311246467 1.777000 12.560000
1 41108 1311435176 1.758000 0.279800
1 41108 1311441233 1.830000 0.565800
1 41111 1312556345 1.785000 2.893000
1 41111 1312631936 1.772000 0.594200
1 41111 1312749136 1.766000 0.494400
1 41112 1313247672 1.769000 2.014000
1 41112 1313361888 1.728000 5.051000
1 41137 1324307549 1.776000 0.311500
1 41137 1324360371 1.812000 13.900000
1 41137 1324570896 1.746000 2.218000
1 41138 1324923499 1.735000 3.040000
1 41138 1325017538 1.776000 0.267800
1 41138 1325046969 1.852000 0.582700
1 41139 1325224657 1.753000 0.630000
1 41139 1325243744 1.756000 3.283000
1 41139 1325375928 1.784000 0.919100
1 41139 1325523646 1.786000 0.324200
1 41143 1327160846 1.796000 0.745000
1 41143 1327290765 1.810000 0.856600
1 41143 1327305657 1.742000 0.949600
1 41144 1327634851 1.780000 0.544800
1 41144 1327658675 1.792000 6.522000
1 41144 1327728295 1.762000 0.154400
1 41145 1327761319 1.741000 0.390900
1 41145 1327996129 1.774000 0.370500
1 41145 1328171652 1.804000 3.942000
1 41146 1328550450 1.830000 0.859100
1 41146 1328614036 1.779000 1.635000
1 41147 1328989794 1.784000 0.385300
1 41148 1329476307 1.741000 0.224700
1 41149 1329738873 1.780000 0.478000
1 41149 1329801888 1.802000 2.887000
1 41149 1330037783 1.785000 4.493000
1 41150 1330119930 1.784000 4.390000
1 41150 1330251018 1.918000 0.508000
1 41150 1330296539 1.740000 0.291300
1 41151 1330730979 1.767000 0.754800
1 41151 1330737656 1.778000 0.757700
1 41151 1330896301 1.771000 2.021000
1 41151 1330923727 1.792000 1.210000
1 41157 1333358872 1.819000 9.346000
1 41157 1333640901 1.775000 0.248700
1 41158 1333684533 1.800000 16.580000
1 41158 1333747278 1.783000 0.894700
1 41158 1333823092 1.784000 0.572000
1 41158 1333938933 1.758000 1.437000
1 41160 1334587977 1.789000 0.535300
1 41160 1334735402 1.784000 0.595400
1 41160 1334931298 1.824000 0.219300
1 41163 1335882293 1.768000 1.575000
1 41164 1336410913 1.814000 0.113300
1 41164 1336426338 1.758000 0.720000
1 41164 1336461222 1.864000 11.710000
1 41164 1336505546 1.799000 5.181000
1 41164 1336724308 1.774000 0.153800
1 41169 1338726402 1.777000 3.064000
1 41171 1339525563 1.790000 2.718000
1 41172 1340008213 1.776000 1.942000
1 41172 1340186989 1.843000 12.350000
1 41173 1340845116 1.815000 16.600000
1 41174 1340914383 1.778000 1.894000
1 41174 1341072486 1.765000 0.481900
1 41180 1343829620 1.769000 4.995000
1 41180 1343893818 1.777000 0.426800
1 41201 1353128177 1.755000 1.696000
1 41202 1353452269 1.784000 32.050000
1 41215 1359343780 1.779000 5.546000
1 41215 1359717256 1.786000 0.329600
1 41215 1359721268 1.751000 1.137000
1 41223 1362992824 1.792000 1.005000
1 41223 1363091871 1.790000 0.586200
1 41223 1363272862 1.763000 0.676200
1 41223 1363296799 1.793000 1.622000
1 41223 1363324494 1.771000 0.357100
1 41235 1368466116 1.805000 1.117000
1 41235 1368513073 1.767000 0.353500
1 41235 1368524424 1.800000 1.805000
1 41235 1368639770 1.786000 2.894000
1 41236 1368942510 1.762000 0.383100
1 41237 1369427705 1.797000 1.711000
1 41237 1369545997 1.766000 0.166200
1 41238 1369973281 1.765000 1.959000
1 41239 1370255423 1.783000 0.638300
1 41240 1370824044 1.786000 5.830000
1 41243 1371930036 1.805000 3.973000
1 41243 1372051689 1.788000 0.857900
1 41243 1372143699 1.769000 0.180400
1 41243 1372249124 1.790000 0.503300
1 41244 1372353554 1.786000 0.543500
1 41247 1373639492 1.764000 1.250000
1 41247 1373689726 1.774000 1.672000
1 41247 1373782359 1.788000 0.698900
1 41247 1373862919 1.756000 0.811900
1 41247 1373982160 1.780000 0.121800
1 41248 1374411044 1.775000 0.890600
1 41248 1374484345 1.775000 2.025000
1 41248 1374485975 1.765000 0.425500
1 41249 1374551119 1.798000 0.372900
1 41249 1374560746 1.677000 0.821600
1 41249 1374616083 1.793000 0.261300
1 41249 1374886237 1.775000 4.183000
1 41249 1375017234 1.729000 0.454800
1 41250 1375035763 1.778000 2.216000
1 41250 1375367200 1.780000 2.484000
1 41255 1377274372 1.768000 0.236600
1 41255 1377285786 1.752000 3.543000
1 41255 1377330253 1.818000 10.240000
1 41255 1377502606 1.773000 2.510000
1 41255 1377562849 1.792000 2.184000
1 41256 1377786316 1.804000 3.347000
1 41256 1377902827 1.754000 0.406400
1 41256 1377965111 1.785000 1.100000
1 41257 1378154947 1.737000 0.838700
1 41257 1378341894 1.792000 1.113000
1 41257 1378379246 1.770000 0.769800
1 41257 1378412423 1.772000 3.259000
1 41261 1379961046 1.801000 10.200000
1 41261 1380006079 1.755000 0.841500
1 41261 1380226807 1.776000 1.537000
1 41262 1380513082 1.775000 1.939000
1 41265 1382048473 1.770000 2.355000
1 41265 1382159384 1.765000 0.129700
1 41265 1382226498 1.788000 0.490900
1 41266 1382358584 1.788000 2.077000
1 41266 1382448278 1.776000 0.285800
1 41266 1382517328 1.779000 0.201700
1 41267 1382871282 1.782000 0.223000
1 41267 1382990170 1.796000 0.603600
1 41267 1383098054 1.792000 3.857000
1 41268 1383183513 1.767000 0.358100
1 41268 1383359270 1.734000 3.760000
1 41269 1383542077 1.723000 0.578500
1 41269 1383885611 1.773000 0.538800
1 41270 1384131931 1.794000 7.527000
1 41270 1384279753 1.765000 2.904000
1 41270 1384333000 1.766000 1.290000
1 41270 1384383483 1.775000 0.422000
1 41271 1384766001 1.768000 0.947300
1 41271 1384895081 1.772000 1.536000
1 41272 1384933561 1.737000 4.401000
1 41272 1384987444 1.828000 1.034000
1 41272 1384992866 1.759000 0.760100
1 41272 1385003754 1.760000 1.111000
1 41273 1385498170 1.784000 4.136000
1 41273 1385578518 1.819000 5.682000
1 41273 1385733066 1.781000 1.255000
1 41274 1385850454 1.795000 0.140800
1 41274 1385927225 1.784000 1.530000
1 41274 1385944850 1.803000 0.552400
1 41274 1386109132 1.851000 14.060000
1 41279 1388130613 1.782000 0.311500
1 41280 1388695923 1.781000 2.764000
1 41280 1388778128 1.755000 0.684900
1 41285 1390903469 1.742000 2.804000
1 41285 1390987502 1.779000 1.927000
1 41285 1391106362 1.758000 0.676500
1 41285 1391131799 1.739000 0.171700
1 41285 1391179644 1.773000 2.394000
1 41286 1391401211 1.782000 0.360200
1 41286 1391455586 1.792000 1.634000
1 41303 1398858720 1.807000 0.214300
1 41303 1399058052 1.771000 1.991000
1 41303 1399217827 1.772000 0.153000
1 41303 1399306274 1.769000 0.476400
1 41304 1399487677 1.818000 0.474100
1 41304 1399612417 1.782000 0.406200
1 41304 1399627207 1.795000 4.009000
1 41313 1403327925 1.775000 0.384200
1 41313 1403393931 1.775000 0.182000
1 41313 1403503698 1.786000 1.392000
1 41313 1403539591 1.809000 7.641000
1 41313 1403540542 1.776000 2.574000
1 41313 1403636437 1.802000 0.741500
1 41313 1403763279 1.756000 3.441000
1 41317 1405182267 1.782000 0.706200
1 41317 1405458549 1.794000 0.115600
1 41318 1405656865 1.792000 1.177000
1 41318 1405797607 1.786000 1.190000
1 41318 1405954628 1.785000 4.216000
1 41318 1405983567 1.783000 0.267200
1 41318 1405998467 1.757000 0.949500
1 41318 1406013022 1.780000 0.771100
1 41327 1409713201 1.786000 0.516500
1 41327 1409856930 1.787000 2.451000
1 41327 1409920474 1.698000 0.190300
1 41327 1410058618 1.785000 0.270400
1 41328 1410119792 1.776000 1.174000
1 41328 1410415047 1.818000 13.020000
1 41367 1427733018 1.779000 0.628000
1 41367 1427908818 1.793000 2.003000
1 41367 1427931160 1.782000 2.937000
1 41367 1427966916 1.779000 1.662000
1 41367 1428072187 1.778000 1.323000
1 41368 1428149236 1.808000 2.575000
1 41368 1428360625 1.775000 0.338700
1 41368 1428396057 1.777000 0.729300
1 41381 1433932411 1.797000 2.194000
1 41381 1434147120 1.789000 1.550000
1 41381 1434379358 1.806000 1.824000
1 41382 1434461814 1.752000 1.889000
1 41382 1434555039 1.752000 8.892000
1 41385 1435897606 1.745000 36.630000
1 41385 1436037735 1.795000 3.113000
1 41385 1436113732 1.777000 0.590800
1 41385 1436121852 1.800000 1.578000
1 41386 1436310339 1.782000 0.531800
1 41386 1436393823 1.776000 1.759000
1 41386 1436464814 1.763000 1.136000
1 41386 1436589220 1.779000 0.150400
1 41387 1436621856 1.775000 3.231000
1 41387 1436697770 1.758000 0.324100
1 41387 1436772566 1.760000 2.005000
1 41387 1436984293 1.756000 3.273000
1 41388 1437290950 1.783000 1.052000
1 41388 1437443878 1.768000 4.097000
1 41388 1437452139 1.764000 2.754000
1 41390 1438229916 1.758000 0.839800
1 41391 1438491897 1.814000 0.386200
1 41392 1439120309 1.753000 2.961000
1 41395 1440261749 1.770000 2.294000
1 41395 1440269614 1.680000 9.280000
1 41395 1440564854 1.768000 5.701000
1 41396 1441025378 1.793000 1.835000
1 41416 1449745703 1.794000 1.281000
1 41416 1449946545 1.767000 0.575200
1 41416 1449965267 1.790000 0.128800
1 41419 1451135524 1.775000 1.570000
1 41419 1451252369 1.784000 0.465000
1 41419 1451260096 1.762000 0.350800
1 41419 1451332867 1.782000 0.055670
1 41420 1451504485 1.778000 0.576900
1 41423 1452800018 1.766000 0.303400
1 41423 1452876759 1.798000 0.964500
1 41423 1453127554 1.777000 3.177000
1 41424 1453368379 1.778000 0.803700
1 41441 1461023825 1.786000 1.050000
1 41441 1461125927 1.771000 2.987000
1 41441 1461286216 1.794000 0.801700
1 41441 1461383334 1.778000 0.190400
1 41442 1461431027 1.773000 1.948000
1 41442 1461712371 1.783000 1.164000
1 41443 1461893577 1.789000 0.653000
1 41443 1461993201 1.800000 0.845300
1 41443 1462100086 1.770000 0.312800
1 41444 1462341086 1.807000 0.950700
1 41449 1464580128 1.756000 0.840500
1 41450 1465042558 1.769000 3.336000
1 41450 1465132403 1.784000 0.652000
1 41451 1465454801 1.786000 0.483500
1 41451 1465489613 1.776000 0.390400
1 41451 1465490410 1.771000 0.963200
1 41451 1465520362 1.785000 0.339400
1 41451 1465834401 1.758000 1.586000
1 41451 1465889342 1.669000 1.428000
1 41452 1466123218 1.755000 2.444000
1 41461 1470151759 1.776000 0.899700
1 41461 1470187638 1.772000 0.933100
1 41461 1470210793 1.776000 1.006000
1 41461 1470226674 1.759000 0.547200
1 41461 1470302898 1.809000 1.575000
1 41461 1470314536 1.788000 0.563500
1 41462 1470425342 1.765000 0.571000
1 41462 1470772703 1.811000 0.422800
1 41463 1471060026 1.775000 0.172600
1 41463 1471272606 1.786000 0.578200
1 41464 1471429084 1.810000 0.440500
1 41464 1471494336 1.781000 1.034000
1 41485 1481009869 1.748000 7.852000
1 41520 1496705090 1.796000 0.292300
1 41535 1503211479 1.789000 1.519000
1 41536 1503799010 1.733000 5.211000
1 41543 1506805639 1.793000 0.487700
1 41543 1506817293 1.779000 0.336000
1 41543 1507073803 1.781000 2.091000
1 41543 1507204719 1.801000 4.744000
1 41543 1507221064 1.794000 0.240400
1 41545 1507808953 1.796000 1.760000
1 41545 1507906801 1.776000 0.445100
1 41545 1508101071 1.812000 1.591000
1 41545 1508166254 1.774000 0.836600
1 41546 1508326826 1.753000 2.709000
1 41546 1508395515 1.784000 0.748900
1 41546 1508405361 1.768000 1.311000
1 41546 1508496757 1.732000 0.815800
1 41553 1511477037 1.765000 0.957900
1 41553 1511646595 1.794000 0.085420
1 41554 1511999726 1.771000 0.456600
1 41569 1518742320 1.753000 0.090740
1 41569 1518768222 1.802000 0.369100
1 41571 1519385495 1.784000 0.791200
1 41571 1519398289 1.781000 0.683500
1 41571 1519471731 1.774000 0.116400
1 41571 1519808356 1.783000 1.807000
1 41571 1519857880 1.753000 0.152400
1 41571 1519863121 1.768000 1.668000
1 41581 1523971880 1.798000 8.422000
1 41605 1534661228 1.795000 1.472000
1 41605 1534705493 1.780000 1.326000
1 41605 1534748110 1.778000 0.819700
1 41605 1535057754 1.753000 0.160400
1 41606 1535539424 1.777000 1.268000
1 41611 1537493544 1.764000 0.821600
1 41612 1537884928 1.766000 0.611600
1 41612 1537893337 1.749000 3.116000
1 41612 1538000613 1.747000 1.697000
1 41612 1538136563 1.778000 1.262000
1 41640 1550714378 1.752000 0.223200
1 41648 1554106984 1.815000 3.284000
1 41697 1576425589 1.768000 1.428000
1 41697 1576533175 1.756000 1.041000
1 41698 1576633059 1.789000 1.470000
1 41699 1577014120 1.774000 0.201000
1 41699 1577195729 1.807000 0.499800
1 41700 1577456656 1.661000 2.866000
1 41700 1577769766 1.778000 0.159200
1 41707 1580577882 1.853000 0.468800
1 41707 1580997853 1.806000 0.425600
1 41708 1581315336 1.771000 0.332500
1 41708 1581381232 1.779000 1.410000
1 41743 1596824400 1.761000 0.457600
1 41743 1596843225 1.765000 4.816000
1 41743 1596859954 1.830000 0.263300
1 41743 1597105823 1.790000 7.353000
1 41744 1597409373 1.779000 0.965300
1 41801 1622818899 1.760000 9.644000
1 41801 1622875813 1.744000 0.482100
1 41802 1623391105 1.781000 1.013000
1 41802 1623669454 1.917000 7.439000
1 41805 1624632299 1.781000 0.297000
1 41805 1624650664 1.780000 1.322000
1 41805 1624665676 1.809000 0.584900
1 41805 1624852815 1.762000 10.920000
1 41806 1625119980 1.782000 6.072000
1 41806 1625315148 1.807000 0.519200
1 41806 1625421082 1.774000 0.044230
1 41903 1668990432 1.788000 1.464000
1 41903 1669166131 1.760000 11.860000
1 41907 1670536730 1.770000 0.181400
1 41907 1670855950 1.791000 0.342400
1 41907 1670918888 1.779000 36.070000
1 41907 1670931497 1.788000 1.429000
1 41908 1671091551 1.791000 5.770000
1 41908 1671150292 1.788000 0.491100
1 41908 1671288253 1.778000 0.484200
1 41908 1671381975 1.812000 2.528000
1 41916 1674689164 1.780000 0.606800
1 41939 1685137584 1.795000 2.396000
1 41951 1690404830 1.844000 1.669000
1 41951 1690439095 1.754000 4.553000
1 41951 1690745177 1.797000 5.396000
1 41952 1690905642 1.756000 5.321000
1 41952 1690994502 1.801000 0.866200
1 41952 1691086155 1.773000 0.335900
1 41956 1692868412 1.771000 0.203200
1 41977 1702072304 1.786000 0.670500
1 41977 1702169497 1.788000 2.067000
1 41977 1702188094 1.774000 0.162100
1 41977 1702372863 1.768000 1.451000
1 41978 1702635596 1.752000 1.957000
1 41978 1702734690 1.784000 1.643000
1 41995 1710388325 1.743000 20.490000
1 42167 1787822635 1.812000 1.637000
1 42504 1939412300 1.771000 5.849000
1 42529 1950361318 1.794000 1.095000
1 42558 1963567086 1.759000 1.690000
1 42888 2112088625 1.810000 4.884000
1 42980 2153159697 1.814000 1.689000
1 43419 2350576661 1.768000 4.718000
1 43646 2452848427 1.755000 0.462600
1 43695 2475135413 1.773000 0.753200
1 43884 2559867087 1.773000 1.387000
1 44007 2615469864 1.762000 0.472800
1 44062 2639896888 1.810000 2.040000
